phpBB
filesHandler/datasets/phpBB.txt
filesHandler/input/phpBB.csv
filesHandler/output/phpBB_Assessment1.txt
filesHandler/output/phpBB_Assessment2.txt
filesHandler/transitions/phpBBTransitions.xml
Project Name:typo3
Dataset txt:filesHandler/datasets/Typo3.txt
Input Csv:filesHandler/input/typo3.csv
Output Assessment1:filesHandler/output/typo3_Assessment1.txt
Output Assessment2:filesHandler/output/typo3_Assessment2.txt
Transitions File:filesHandler/transitions/typo3Transitions.xml
32
C:\Users\Toni\Desktop\Soft&Data_Evol\Plutarch_Parallel_Lives-master\filesHandler\inis\typo3.ini
0.5 0.5
csv:filesHandler/input/typo3.csv
99 lines parsed
1	1067188064	0	0	0	0	0	0	0	0	0
2	1079968597	12780533	0	0	1	0	0	0	0	0
3	1080033253	64656	0	0	1	0	0	0	0	0
4	1082715510	2682257	0	0	1	0	0	0	0	0
5	1083328733	613223	1	0	0	0	0	0	6	0
6	1086679320	3350587	0	0	0	0	1	0	0	0
7	1091914059	5234739	1	0	4	0	0	0	7	0
8	1093298597	1384538	0	0	4	0	0	0	0	0
9	1100515748	7217151	0	0	0	0	1	0	0	0
10	1106395395	5879647	0	0	0	0	0	0	0	0
11	1112800758	6405363	0	0	0	0	0	0	0	0
12	1113773932	973174	0	0	0	0	1	0	0	0
13	1114595876	821944	0	0	0	0	0	0	0	0
14	1128427400	13831524	1	0	10	0	0	0	17	0
15	1130319523	1892123	0	0	3	0	0	0	0	0
16	1130527082	207559	0	0	2	0	0	0	0	0
17	1131824300	1297218	0	0	1	0	0	0	0	0
18	1134829582	3005282	1	0	0	0	0	0	11	0
19	1144661235	9831653	1	0	1	0	1	0	4	0
20	1151493952	6832717	0	0	0	0	1	0	0	0
21	1157065759	5571807	0	0	0	0	32	0	0	0
22	1161772027	4706268	3	0	1	0	0	0	7	0
23	1163712797	1940770	0	0	0	0	0	0	0	0
24	1165163203	1450406	0	0	0	0	2	0	0	0
25	1165924672	761469	1	0	0	0	0	0	20	0
26	1166181255	256583	0	0	0	0	0	0	0	0
27	1167900371	1719116	0	0	0	0	1	0	0	0
28	1170058443	2158072	0	0	0	0	0	0	0	0
29	1170074875	16432	0	0	0	0	0	0	0	0
30	1170173126	98251	0	0	0	0	1	0	0	0
31	1170608262	435136	0	0	0	0	6	0	0	0
32	1171995584	1387322	0	0	0	0	1	0	0	0
33	1172003810	8226	0	0	0	0	0	0	0	0
34	1173138875	1135065	0	0	0	0	0	0	0	0
35	1173729537	590662	0	0	0	0	16	0	0	0
36	1175541203	1811666	0	0	0	0	1	0	0	0
37	1188402758	12861555	0	0	1	0	0	0	0	0
38	1194291487	5888729	0	0	0	0	0	0	0	0
39	1205684531	11393044	0	0	0	0	0	0	0	0
40	1210750133	5065602	0	0	0	0	0	0	0	0
41	1212685878	1935745	0	0	1	0	0	0	0	0
42	1224535185	11849307	0	0	5	3	1	0	0	0
43	1225217024	681839	0	0	1	0	0	0	0	0
44	1225452226	235202	0	0	0	0	6	0	0	0
45	1226165554	713328	0	0	0	0	0	0	0	0
46	1229794351	3628797	0	0	1	0	0	0	0	0
47	1236526766	6732415	0	0	0	0	1	0	0	0
48	1236717367	190601	0	0	0	0	0	0	0	0
49	1246895196	10177829	0	0	0	0	0	0	0	0
50	1248976930	2081734	0	0	0	0	1	0	0	0
51	1249997742	1020812	0	0	0	0	0	0	0	0
52	1250239991	242249	1	0	0	0	0	0	4	0
53	1251906898	1666907	0	0	0	0	1	0	0	0
54	1253278046	1371148	1	0	3	4	0	0	6	0
55	1253393966	115920	0	0	0	0	0	0	0	0
56	1253538661	144695	1	0	0	1	1	0	3	0
57	1255953049	2414388	0	0	0	0	0	0	0	0
58	1259148454	3195405	0	0	0	0	1	0	0	0
59	1266778467	7630013	0	0	1	0	0	0	0	0
60	1271763028	4984561	0	0	0	0	1	0	0	0
61	1281440335	9677307	0	0	0	0	1	0	0	0
62	1285331382	3891047	0	0	0	0	1	0	0	0
63	1285667687	336305	1	0	0	0	0	0	11	0
64	1287146991	1479304	0	0	33	0	0	0	0	0
65	1289605813	2458822	0	1	0	0	0	0	0	20
66	1289666211	60398	0	0	0	0	1	0	0	0
67	1289908073	241862	0	0	2	0	0	0	0	0
68	1293357521	3449448	0	0	0	0	1	0	0	0
69	1295001061	1643540	0	0	0	0	0	0	0	0
70	1295541314	540253	0	1	0	0	0	0	0	21
71	1295564633	23319	0	3	0	0	0	0	0	7
72	1295608759	44126	0	0	2	2	0	0	0	0
73	1301043546	5434787	0	0	0	0	0	0	0	0
74	1308430834	7387288	0	2	0	0	0	0	0	8
75	1308866418	435584	0	1	0	0	0	0	0	5
76	1310683841	1817423	0	1	0	0	1	0	0	4
77	1310900687	216846	0	0	0	0	1	0	0	0
78	1310925635	24948	0	0	0	0	1	0	0	0
79	1312055981	1130346	0	0	0	0	1	0	0	0
80	1313328727	1272746	0	0	0	0	0	0	0	0
81	1316175106	2846379	0	0	0	0	0	0	0	0
82	1322548223	6373117	2	0	0	0	0	0	34	0
83	1327929355	5381132	0	0	0	0	1	0	0	0
84	1328715277	785922	0	0	0	0	0	0	0	0
85	1330377229	1661952	0	0	1	0	0	0	0	0
86	1331622562	1245333	0	0	2	0	0	0	0	0
87	1334938737	3316175	5	0	0	1	0	0	123	0
88	1341344497	6405760	0	0	0	1	0	0	0	0
89	1341578094	233597	2	0	0	0	0	0	31	0
90	1343552856	1974762	0	0	0	0	1	0	0	0
91	1344501960	949104	0	0	0	0	1	0	0	0
92	1344736496	234536	0	0	6	0	3	0	0	0
93	1344889416	152920	0	0	0	6	0	0	0	0
94	1346516439	1627023	0	0	7	0	0	0	0	0
95	1346766240	249801	0	0	3	0	0	0	0	0
96	1350660012	3893772	0	0	2	9	0	0	0	0
97	1353430346	2770334	0	0	9	2	0	0	0	0
98	1360772890	7342544	0	0	2	9	0	0	0	0





0 1065192910.sql 0 1067188064.sql
1 1067188064.sql 2 1080033253.sql
3 1080033253.sql 4 1083328733.sql
5 1083328733.sql 5 1086679320.sql
6 1086679320.sql 6 1091914059.sql
7 1091914059.sql 7 1093298597.sql
8 1093298597.sql 8 1100515748.sql
9 1100515748.sql 9 1106395395.sql
10 1106395395.sql 12 1114595876.sql
13 1114595876.sql 13 1128427400.sql
14 1128427400.sql 16 1131824300.sql
17 1131824300.sql 17 1134829582.sql
18 1134829582.sql 18 1144661235.sql
19 1144661235.sql 19 1151493952.sql
20 1151493952.sql 20 1157065759.sql
21 1157065759.sql 21 1161772027.sql
22 1161772027.sql 23 1165163203.sql
24 1165163203.sql 24 1165924672.sql
25 1165924672.sql 25 1166181255.sql
26 1166181255.sql 30 1170608262.sql
31 1170608262.sql 33 1173138875.sql
34 1173138875.sql 34 1173729537.sql
35 1173729537.sql 35 1175541203.sql
36 1175541203.sql 36 1188402758.sql
37 1188402758.sql 37 1194291487.sql
38 1194291487.sql 38 1205684531.sql
39 1205684531.sql 40 1212685878.sql
41 1212685878.sql 43 1225452226.sql
44 1225452226.sql 45 1229794351.sql
46 1229794351.sql 47 1236717367.sql
48 1236717367.sql 48 1246895196.sql
49 1246895196.sql 52 1251906898.sql
53 1251906898.sql 55 1253538661.sql
56 1253538661.sql 57 1259148454.sql
58 1259148454.sql 58 1266778467.sql
59 1266778467.sql 59 1271763028.sql
60 1271763028.sql 61 1285331382.sql
62 1285331382.sql 62 1285667687.sql
63 1285667687.sql 63 1287146991.sql
64 1287146991.sql 64 1289605813.sql
65 1289605813.sql 66 1289908073.sql
67 1289908073.sql 68 1295001061.sql
69 1295001061.sql 69 1295541314.sql
70 1295541314.sql 71 1295608759.sql
72 1295608759.sql 72 1301043546.sql
73 1301043546.sql 78 1312055981.sql
79 1312055981.sql 80 1316175106.sql
81 1316175106.sql 81 1322548223.sql
82 1322548223.sql 85 1331622562.sql
86 1331622562.sql 86 1334938737.sql
87 1334938737.sql 87 1341344497.sql
88 1341344497.sql 88 1341578094.sql
89 1341578094.sql 90 1344501960.sql
91 1344501960.sql 94 1346766240.sql
95 1346766240.sql 96 1353430346.sql
97 1353430346.sql 97 1360772890.sql
Cluster	0	75	25
cache_hash	0	75	25
Cluster	0	98	115
be_users	0	98	27
pages	0	98	61
sys_log	0	98	27
Cluster	0	98	51
be_groups	0	98	24
be_sessions	0	98	7
cache_imagesizes	5	98	7
sys_history	0	98	6
sys_language	7	98	7
Cluster	0	98	7
sys_be_shortcuts	0	98	2
sys_filemounts	0	98	2
sys_lockedrecords	0	98	3
Cluster	14	70	89
cache_extensions	25	65	40
sys_workspace	14	70	49
Cluster	18	98	17
sys_refindex	18	98	17
Cluster	19	76	8
sys_preview	19	76	8
Cluster	22	71	15
sys_refindex_rel	22	71	4
sys_refindex_res	22	71	7
sys_refindex_words	22	71	4
Cluster	52	98	5
sys_registry	52	98	5
Cluster	54	74	14
cachingframework_cache_hash	54	74	14
Cluster	56	74	6
cachingframework_cache_hash_tags	56	74	6
Cluster	63	98	21
sys_category_record_mm	89	98	5
sys_collection_entries	82	98	5
sys_news	63	98	11
Cluster	82	98	47
sys_collection	82	98	31
sys_file_storage	87	98	16
Cluster	87	98	170
sys_category	89	98	26
sys_file	87	98	31
sys_file_collection	87	98	28
sys_file_processedfile	87	98	53
sys_file_reference	87	98	32

Schemas:99
Transitions:98
Tables:32
