mediaWiki
filesHandler/datasets/wikimedia.txt
filesHandler/input/mwiki.csv
filesHandler/output/mwiki_Assessment1.txt
filesHandler/output/mwiki_Assessment2.txt
filesHandler/transitions/mwikiTransitions.xml
Project Name:Opencart
Dataset txt:filesHandler/datasets/opencart.txt
Input Csv:filesHandler/input/opencart.csv
Output Assessment1:filesHandler/output/opencart_Assessment1.txt
Output Assessment2:filesHandler/output/opencart_Assessment2.txt
Transitions File:filesHandler/transitions/opencartTransitions.xml
236
C:\Users\Toni\Desktop\Soft&Data_Evol\Plutarch_Parallel_Lives-master\filesHandler\inis\opencart.ini
0.5 0.5
csv:filesHandler/input/opencart.csv
167 lines parsed
1	1237164239	0	6	8	6	4	12	0	23	30
2	1237208478	44239	0	0	0	0	0	0	0	0
3	1237218277	9799	0	0	0	0	0	0	0	0
4	1237253648	35371	0	0	0	0	0	0	0	0
5	1237391769	138121	0	0	0	0	0	0	0	0
6	1237392520	751	0	0	0	0	0	0	0	0
7	1237471882	79362	0	0	0	0	0	0	0	0
8	1237481892	10010	0	0	0	0	0	0	0	0
9	1237572660	90768	0	46	0	0	0	0	0	292
10	1237572808	148	46	0	0	0	0	0	292	0
11	1237574023	1215	0	0	0	0	0	0	0	0
12	1237857462	283439	0	0	2	0	0	0	0	0
13	1238121825	264363	1	0	0	0	0	0	5	0
14	1239235332	1113507	1	0	1	1	6	0	2	0
15	1241435169	2199837	0	1	1	0	0	0	0	5
16	1241730214	295045	0	0	0	0	2	0	0	0
17	1245377084	3646870	48	47	0	0	0	0	305	297
18	1248223570	2846486	48	48	0	0	0	0	304	305
19	1257375862	9152292	3	1	7	2	0	0	9	5
20	1257376170	308	1	0	0	0	0	0	7	0
21	1257387545	11375	0	0	10	1	3	0	0	0
22	1268139768	10752223	0	0	0	0	0	0	0	0
23	1268142021	2253	57	51	0	0	0	0	382	329
24	1268415531	273510	0	0	1	0	0	0	0	0
25	1268676441	260910	0	0	0	0	0	0	0	0
26	1269721303	1044862	0	0	3	1	0	0	0	0
27	1269876626	155323	0	0	0	0	0	0	0	0
28	1270963400	1086774	2	0	6	0	0	0	4	0
29	1275492351	4528951	0	0	7	1	1	0	0	0
30	1275494700	2349	0	0	0	0	0	0	0	0
31	1282938855	7444155	0	0	1	1	0	0	0	0
32	1288139094	5200239	0	0	0	0	0	0	0	0
33	1290311335	2172241	0	0	0	0	0	0	0	0
34	1303880377	13569042	0	0	1	0	1	0	0	0
35	1303916686	36309	32	6	26	50	4	0	169	19
36	1304007481	90795	0	0	0	0	0	0	0	0
37	1304094671	87190	3	0	1	1	0	0	11	0
38	1304787950	693279	0	0	1	0	0	0	0	0
39	1305005407	217457	0	0	3	3	0	0	0	0
40	1305264403	258996	0	0	0	0	0	0	0	0
41	1306160795	896392	0	0	2	0	0	0	0	0
42	1306242594	81799	0	0	0	0	0	0	0	0
43	1306242787	193	0	0	0	0	0	0	0	0
44	1306252813	10026	0	0	0	0	0	0	0	0
45	1306384114	131301	0	0	0	0	0	0	0	0
46	1306778226	394112	0	0	0	0	0	0	0	0
47	1307278299	500073	0	0	0	0	0	0	0	0
48	1309618117	2339818	0	0	0	0	28	0	0	0
49	1309618531	414	0	0	0	0	0	0	0	0
50	1309618648	117	0	0	0	0	0	0	0	0
51	1309620135	1487	0	0	1	0	0	0	0	0
52	1309789238	169103	0	0	0	0	0	0	0	0
53	1310835774	1046536	0	0	0	0	0	0	0	0
54	1311011574	175800	0	0	0	0	0	0	0	0
55	1311073062	61488	0	0	0	0	0	0	0	0
56	1311348729	275667	0	0	0	0	0	0	0	0
57	1311480397	131668	0	0	1	0	0	0	0	0
58	1340381450	28901053	8	1	28	5	6	0	86	10
59	1343018521	2637071	0	1	1	0	0	0	0	4
60	1343052759	34238	0	0	0	0	1	0	0	0
61	1343054421	1662	0	0	4	0	0	0	0	0
62	1343135708	81287	0	0	0	0	6	0	0	0
63	1343218320	82612	0	0	0	0	2	0	0	0
64	1344106890	888570	0	0	0	0	0	0	0	0
65	1344597033	490143	0	0	3	0	0	0	0	0
66	1344700758	103725	0	1	0	0	0	0	0	3
67	1344723662	22904	1	0	0	0	0	0	3	0
68	1344864251	140589	0	0	0	0	0	0	0	0
69	1344866445	2194	0	1	0	0	0	0	0	3
70	1344869717	3272	0	0	0	0	0	0	0	0
71	1344874065	4348	0	0	0	0	1	0	0	0
72	1344933477	59412	0	0	0	0	0	0	0	0
73	1345488827	555350	0	0	0	0	0	0	0	0
74	1345720851	232024	0	0	0	0	0	0	0	0
75	1345740435	19584	0	0	0	0	0	0	0	0
76	1346047283	306848	0	0	0	0	1	0	0	0
77	1346314380	267097	0	0	0	0	0	0	0	0
78	1346344444	30064	0	0	0	0	0	0	0	0
79	1346394698	50254	0	0	0	0	0	0	0	0
80	1346487959	93261	0	0	0	0	0	0	0	0
81	1346556353	68394	0	0	0	0	0	0	0	0
82	1346557985	1632	0	0	0	0	0	0	0	0
83	1346873075	315090	0	0	0	0	0	0	0	0
84	1347205032	331957	5	0	1	0	0	0	14	0
85	1348137450	932418	1	0	2	1	0	0	2	0
86	1348502526	365076	0	0	1	0	0	0	0	0
87	1348848887	346361	0	0	0	0	0	0	0	0
88	1350003218	1154331	0	0	0	0	0	0	0	0
89	1353402218	3399000	0	0	0	0	0	0	0	0
90	1354253034	850816	0	0	0	0	0	0	0	0
91	1354439544	186510	1	0	0	0	0	0	3	0
92	1354441892	2348	0	0	1	1	0	0	0	0
93	1354547184	105292	0	0	0	0	0	0	0	0
94	1354589890	42706	0	0	0	0	0	0	0	0
95	1354714802	124912	0	0	0	0	0	0	0	0
96	1354983617	268815	3	2	2	0	0	0	7	7
97	1355066290	82673	0	0	0	1	0	0	0	0
98	1355383912	317622	0	0	0	2	0	0	0	0
99	1355439526	55614	0	0	0	0	0	0	0	0
100	1355496034	56508	0	0	0	0	0	0	0	0
101	1355544856	48822	1	0	0	0	0	0	4	0
102	1355589626	44770	7	0	0	0	0	0	30	0
103	1355764690	175064	0	0	0	0	33	0	0	0
104	1355804575	39885	0	0	0	0	0	0	0	0
105	1355825240	20665	0	0	0	0	0	0	0	0
106	1356265761	440521	0	0	0	0	0	0	0	0
107	1356516717	250956	1	1	0	0	0	0	2	2
108	1356581856	65139	0	0	0	0	0	0	0	0
109	1356595320	13464	0	0	0	0	0	0	0	0
110	1357221079	625759	1	0	0	0	0	0	2	0
111	1357232003	10924	0	0	0	0	1	0	0	0
112	1357264153	32150	0	0	0	0	0	0	0	0
113	1357283233	19080	0	0	1	0	0	0	0	0
114	1357779035	495802	0	0	0	0	19	0	0	0
115	1358168652	389617	0	0	0	0	19	0	0	0
116	1358500805	332153	0	1	0	0	0	0	0	2
117	1358607874	107069	1	1	0	0	0	0	2	2
118	1359021839	413965	1	0	0	5	0	0	3	0
119	1359140232	118393	0	0	0	0	0	0	0	0
120	1359141776	1544	0	0	0	0	0	0	0	0
121	1359142072	296	0	0	0	0	0	0	0	0
122	1359143993	1921	0	0	0	0	0	0	0	0
123	1359168600	24607	0	0	0	0	0	0	0	0
124	1359283394	114794	0	0	0	0	1	0	0	0
125	1359378239	94845	0	0	0	0	0	0	0	0
126	1359392592	14353	0	0	0	0	0	0	0	0
127	1359462435	69843	0	0	0	0	0	0	0	0
128	1359542842	80407	0	0	1	1	0	0	0	0
129	1359545918	3076	0	0	0	0	0	0	0	0
130	1359906971	361053	0	0	0	4	0	0	0	0
131	1359953298	46327	0	0	0	0	4	0	0	0
132	1359987944	34646	0	0	0	0	0	0	0	0
133	1359990053	2109	0	0	0	0	0	0	0	0
134	1360320633	330580	0	0	1	0	0	0	0	0
135	1360502650	182017	0	0	0	0	0	0	0	0
136	1360502814	164	0	0	0	0	0	0	0	0
137	1360877393	374579	0	0	0	0	0	0	0	0
138	1361016236	138843	0	0	0	0	0	0	0	0
139	1361250368	234132	1	0	0	0	0	0	12	0
140	1361270644	20276	0	0	2	2	0	1	0	0
141	1361273464	2820	0	0	1	1	0	0	0	0
142	1361295174	21710	0	0	0	0	0	0	0	0
143	1361297656	2482	0	0	0	0	0	1	0	0
144	1361320292	22636	0	0	0	0	0	0	0	0
145	1361624230	303938	0	0	0	0	0	0	0	0
146	1361984122	359892	1	0	0	0	0	0	7	0
147	1362113277	129155	0	0	1	0	0	0	0	0
148	1362248254	134977	0	0	0	0	0	0	0	0
149	1362968361	720107	0	0	0	0	0	0	0	0
150	1363327463	359102	0	0	0	0	0	0	0	0
151	1363449659	122196	0	0	1	1	1	0	0	0
152	1363950938	501279	0	0	1	0	0	0	0	0
153	1368076870	4125932	0	0	1	0	0	0	0	0
154	1371272304	3195434	0	0	1	0	0	0	0	0
155	1371395916	123612	1	0	1	0	0	0	6	0
156	1371472419	76503	0	0	0	0	0	0	0	0
157	1371539740	67321	0	0	0	0	0	0	0	0
158	1371543094	3354	0	0	0	0	0	0	0	0
159	1371543249	155	0	0	0	0	0	0	0	0
160	1371561766	18517	0	0	0	0	0	0	0	0
161	1372137954	576188	0	0	0	0	0	0	0	0
162	1372573259	435305	0	0	0	0	0	0	0	0
163	1372919443	346184	0	0	3	2	0	0	0	0
164	1372940024	20581	0	0	0	0	0	0	0	0
165	1373256301	316277	1	0	0	0	0	0	5	0
166	1374047007	790706	0	0	1	1	0	0	0	0





0 1234373148.sql 0 1237164239.sql
1 1237164239.sql 7 1237481892.sql
8 1237481892.sql 9 1237572808.sql
10 1237572808.sql 12 1238121825.sql
13 1238121825.sql 13 1239235332.sql
14 1239235332.sql 15 1241730214.sql
16 1241730214.sql 16 1245377084.sql
17 1245377084.sql 17 1248223570.sql
18 1248223570.sql 20 1257387545.sql
21 1257387545.sql 21 1268139768.sql
22 1268139768.sql 22 1268142021.sql
23 1268142021.sql 24 1268676441.sql
25 1268676441.sql 26 1269876626.sql
27 1269876626.sql 27 1270963400.sql
28 1270963400.sql 29 1275494700.sql
30 1275494700.sql 30 1282938855.sql
31 1282938855.sql 31 1288139094.sql
32 1288139094.sql 32 1290311335.sql
33 1290311335.sql 33 1303880377.sql
34 1303880377.sql 34 1303916686.sql
35 1303916686.sql 35 1304007481.sql
36 1304007481.sql 36 1304094671.sql
37 1304094671.sql 39 1305264403.sql
40 1305264403.sql 46 1307278299.sql
47 1307278299.sql 47 1309618117.sql
48 1309618117.sql 51 1309789238.sql
52 1309789238.sql 56 1311480397.sql
57 1311480397.sql 57 1340381450.sql
58 1340381450.sql 61 1343135708.sql
62 1343135708.sql 62 1343218320.sql
63 1343218320.sql 63 1344106890.sql
64 1344106890.sql 71 1344933477.sql
72 1344933477.sql 82 1346873075.sql
83 1346873075.sql 83 1347205032.sql
84 1347205032.sql 86 1348848887.sql
87 1348848887.sql 87 1350003218.sql
88 1350003218.sql 88 1353402218.sql
89 1353402218.sql 94 1354714802.sql
95 1354714802.sql 100 1355544856.sql
101 1355544856.sql 102 1355764690.sql
103 1355764690.sql 104 1355825240.sql
105 1355825240.sql 108 1356595320.sql
109 1356595320.sql 112 1357283233.sql
113 1357283233.sql 114 1358168652.sql
115 1358168652.sql 116 1358607874.sql
117 1358607874.sql 135 1360502814.sql
136 1360502814.sql 137 1361016236.sql
138 1361016236.sql 142 1361297656.sql
143 1361297656.sql 144 1361624230.sql
145 1361624230.sql 147 1362248254.sql
148 1362248254.sql 151 1363950938.sql
152 1363950938.sql 152 1368076870.sql
153 1368076870.sql 159 1371561766.sql
160 1371561766.sql 161 1372573259.sql
162 1372573259.sql 164 1373256301.sql
165 1373256301.sql 165 1374047007.sql
Cluster	0	23	2199
address	0	9	36
category	0	9	20
category_description	0	9	11
country	0	9	16
coupon	0	9	39
coupon_description	0	9	12
coupon_product	1	9	12
coupon_redeem	0	9	15
currency	0	9	27
customer	0	9	39
download	0	9	15
download_description	0	9	9
extension	0	9	9
geo_zone	0	9	15
image	0	1	3
image_description	0	1	3
information	0	9	6
information_description	0	9	12
language	0	9	27
oc_address	17	18	38
oc_category_description	17	18	20
oc_country	17	18	20
oc_coupon_description	17	18	16
oc_coupon_product	17	18	9
oc_customer	17	18	51
oc_download_description	17	18	9
oc_extension	17	18	11
oc_information	17	18	11
oc_order	17	18	168
oc_order_download	17	18	21
oc_order_history	17	18	20
oc_order_product	17	18	39
oc_order_status	17	18	9
oc_order_total	17	18	21
oc_product	17	18	84
oc_product_description	17	18	21
oc_product_discount	17	18	18
oc_product_image	17	18	10
oc_product_option	17	18	17
oc_product_option_description	17	18	16
oc_product_option_value	17	18	33
oc_product_option_value_description	17	18	16
oc_product_related	17	18	6
oc_product_to_category	17	18	6
oc_product_to_download	17	18	6
oc_stock_status	17	18	9
oc_tax_rate	17	18	32
oc_user_group	17	18	10
oc_weight_rule	17	18	6
oc_zone_to_geo_zone	17	18	18
opencart_address	18	23	22
opencart_category	18	23	12
opencart_category_description	18	23	11
opencart_coupon_description	18	23	8
opencart_coupon_product	18	23	6
opencart_currency	18	23	18
opencart_download_description	18	23	6
opencart_extension	18	23	6
opencart_information	18	23	4
opencart_information_description	18	23	8
opencart_language	18	23	18
opencart_manufacturer	18	23	8
opencart_order	18	23	88
opencart_order_history	18	23	12
opencart_order_option	18	23	16
opencart_order_status	18	23	6
opencart_order_total	18	23	12
opencart_product	18	23	47
opencart_product_description	18	23	11
opencart_product_discount	18	23	18
opencart_product_image	18	23	6
opencart_product_option	18	23	6
opencart_product_option_description	18	23	8
opencart_product_option_value	18	23	16
opencart_product_option_value_description	18	23	8
opencart_product_related	18	23	4
opencart_product_special	18	19	24
opencart_product_to_category	18	23	4
opencart_product_to_download	18	23	4
opencart_review	18	23	18
opencart_setting	18	23	8
opencart_stock_status	18	23	6
opencart_tax_rate	18	23	16
opencart_url_alias	18	23	6
opencart_weight_class	18	23	8
opencart_zone	18	23	8
opencart_zone_to_geo_zone	18	23	12
option	0	1	3
order	0	9	131
order_download	0	9	21
order_history	0	9	18
order_option	0	9	21
order_product	0	9	31
order_status	0	9	9
order_total	0	9	18
product	0	9	54
product_description	0	9	15
product_discount	0	9	12
product_image	1	9	12
product_option	1	9	12
product_option_description	1	9	17
product_option_value	1	9	24
product_option_value_description	1	9	17
product_to_category	0	9	6
review	0	9	27
setting	0	9	13
stock_status	0	9	9
tax_class	0	9	15
tax_rate	0	9	24
url_alias	0	1	3
user	0	9	30
user_group	0	9	9
weight_class	0	9	12
weight_rule	0	9	9
zone	0	9	13
zone_to_geo_zone	0	9	18
Cluster	0	35	208
manufacturer	0	9	14
newsletter	0	1	5
oc_coupon	17	18	45
oc_information_description	17	18	13
oc_product_tags	28	35	6
oc_store_description	23	35	6
opencart_coupon	18	23	26
opencart_customer	18	23	28
opencart_customer_group	19	23	4
opencart_measurement_class	19	23	8
opencart_measurement_rule	19	23	6
opencart_order_download	18	23	14
opencart_user_group	18	23	6
opencart_weight_rule	18	23	6
option_value	0	1	4
product_related	14	17	4
product_to_download	0	9	6
product_to_option	0	1	7
Cluster	0	35	4
oc_product_featured	28	35	2
product_to_image	0	1	2
Cluster	13	23	388
oc_category	17	18	31
oc_currency	17	18	28
oc_download	17	18	15
oc_geo_zone	17	18	15
oc_language	17	18	28
oc_manufacturer	17	18	14
oc_order_option	17	18	28
oc_product_special	17	18	19
oc_review	17	18	29
oc_setting	17	18	15
oc_tax_class	17	18	15
oc_user	17	18	37
oc_weight_class	17	18	10
oc_zone	17	18	14
opencart_country	18	23	10
opencart_download	18	23	10
opencart_geo_zone	18	23	10
opencart_order_product	18	23	20
opencart_tax_class	18	23	10
opencart_user	18	23	20
product_special	13	17	10
Cluster	17	18	9
oc_url_alias	17	18	9
Cluster	23	166	13
oc_attribute_group	35	166	2
oc_layout	35	166	2
oc_product_attribute	35	166	5
oc_product_to_store	23	166	2
oc_voucher_theme	37	166	2
Cluster	23	166	393
oc_affiliate	35	166	35
oc_affiliate_transaction	35	166	9
oc_attribute	35	166	3
oc_attribute_description	35	166	3
oc_attribute_group_description	35	166	3
oc_banner	35	166	4
oc_banner_image	35	166	5
oc_banner_image_description	35	166	4
oc_category_to_layout	35	166	3
oc_category_to_store	23	166	2
oc_coupon_history	35	166	8
oc_customer_group	23	166	13
oc_customer_group_description	58	166	5
oc_customer_ip	35	166	5
oc_customer_online	58	166	8
oc_customer_reward	35	166	7
oc_customer_transaction	35	166	9
oc_information_to_layout	35	166	3
oc_information_to_store	23	166	2
oc_layout_route	35	166	4
oc_length_class	23	166	2
oc_length_class_description	23	166	4
oc_manufacturer_to_store	23	166	2
oc_option	35	166	3
oc_option_description	35	166	3
oc_option_value	35	166	4
oc_option_value_description	35	166	4
oc_order_fraud	58	166	55
oc_order_voucher	58	166	15
oc_product_reward	35	166	4
oc_product_to_layout	35	166	3
oc_return	35	166	20
oc_return_action	35	166	3
oc_return_history	35	166	8
oc_return_reason	35	166	3
oc_return_status	35	166	3
oc_store	23	166	81
oc_tax_rule	58	166	5
oc_voucher	35	166	20
oc_voucher_history	37	166	9
oc_voucher_theme_description	37	166	3
oc_weight_class_description	23	166	4
Cluster	35	66	41
oc_order_misc	58	66	12
oc_product_tag	35	59	8
oc_return_product	35	58	21
Cluster	58	107	5
oc_customer_ip_blacklist	58	107	5
Cluster	58	166	2
oc_tax_rate_to_customer_group	58	166	2
Cluster	84	166	49
oc_category_path	91	166	5
oc_custom_field	102	166	11
oc_custom_field_description	102	166	3
oc_custom_field_to_customer_group	102	166	2
oc_custom_field_value	102	166	3
oc_custom_field_value_description	102	166	4
oc_customer_ban_ip	107	166	2
oc_customer_history	101	166	5
oc_filter	84	166	3
oc_filter_description	84	166	4
oc_filter_group_description	96	166	3
oc_product_filter	84	166	4
Cluster	84	166	47
oc_category_filter	117	166	2
oc_custom_field_customer_group	118	166	3
oc_customer_activity	165	166	5
oc_customer_field	102	166	7
oc_filter_group_to_category	96	117	4
oc_filter_value	84	96	6
oc_filter_value_description	84	96	8
oc_order_field	102	166	7
oc_order_total_klarna	110	116	5
Cluster	85	166	4
oc_coupon_category	85	166	2
oc_filter_group	96	166	2
Cluster	139	166	40
oc_location	139	166	20
oc_marketing	155	166	8
oc_modification	146	166	12

Schemas:167
Transitions:166
Tables:236
