Project Name:bioSQL
Dataset txt:filesHandler/datasets/biosql.txt
Input Csv:filesHandler/input/biosql.csv
Output Assessment1:filesHandler/output/biosql_Assessment1.txt
Output Assessment2:filesHandler/output/biosql_Assessment2.txt
Transitions File:filesHandler/transitions/biosqlTransitions.xml
45
filesHandler/inis/biosql.ini
0.5 0.5
csv:filesHandler/input/biosql.csv
47 lines parsed
1	1014631726	0	0	0	1	1	0	0	0	0
2	1014707807	76081	0	0	0	0	0	0	0	0
3	1014889243	181436	4	5	5	5	1	0	13	10
4	1014901725	12482	0	0	0	0	0	0	0	0
5	1014975574	73849	1	0	0	0	0	0	5	0
6	1019860813	4885239	0	0	0	0	0	0	0	0
7	1020121353	260540	0	0	0	0	0	0	0	0
8	1031164716	11043363	0	0	2	0	1	0	0	0
9	1031709232	544516	0	0	2	0	0	0	0	0
10	1031817528	108296	2	3	5	5	18	5	8	10
11	1032765746	948218	0	0	1	2	0	2	0	0
12	1033520952	755206	0	1	2	1	0	0	0	2
13	1034036778	515826	0	0	1	0	0	0	0	0
14	1034619576	582798	0	0	0	0	0	0	0	0
15	1034907910	288334	0	0	2	1	0	0	0	0
16	1035366075	458165	0	1	2	0	2	0	0	3
17	1037042231	1676156	1	0	1	0	0	0	4	0
18	1038213294	1171063	0	0	1	0	2	0	0	0
19	1045468374	7255080	0	0	2	2	0	0	0	0
20	1045475435	7061	0	0	1	1	0	0	0	0
21	1045603387	127952	5	0	40	35	1	6	17	0
22	1045605692	2305	0	0	3	3	0	0	0	0
23	1045618809	13117	1	1	8	6	2	0	2	2
24	1045626347	7538	2	0	3	0	1	0	6	0
25	1045691561	65214	0	0	0	2	0	0	0	0
26	1045699202	7641	1	0	1	0	0	0	3	0
27	1047465289	1766087	3	3	9	9	0	0	16	16
28	1047466335	1046	2	2	0	0	0	0	10	9
29	1047886539	420204	1	0	1	0	0	0	2	0
30	1047967554	81015	0	0	0	1	0	3	0	0
31	1048021292	53738	0	0	0	0	0	0	0	0
32	1049270935	1249643	0	1	3	0	0	10	0	3
33	1049813903	542968	0	0	8	8	0	0	0	0
34	1054073713	4259810	0	0	0	0	0	0	0	0
35	1054456376	382663	0	0	0	0	0	0	0	0
36	1054501384	45008	0	0	0	0	0	0	0	0
37	1054782914	281530	0	0	0	0	0	0	0	0
38	1096853196	42070282	1	0	0	0	0	0	2	0
39	1099532981	2679785	0	0	0	0	0	0	0	0
40	1113801698	14268717	0	0	0	0	0	0	0	0
41	1203569193	89767495	0	0	0	0	0	0	0	0
42	1203613747	44554	0	0	0	0	0	0	0	0
43	1203732725	118978	0	0	0	0	0	0	0	0
44	1203733325	600	0	0	0	0	0	0	0	0
45	1217564276	13830951	0	0	0	0	2	0	0	0
46	1347272320	129708044	0	0	0	0	0	0	0	0





0 1012181431.sql 0 1014631726.sql
1 1014631726.sql 1 1014707807.sql
2 1014707807.sql 2 1014889243.sql
3 1014889243.sql 3 1014901725.sql
4 1014901725.sql 4 1014975574.sql
5 1014975574.sql 6 1020121353.sql
7 1020121353.sql 7 1031164716.sql
8 1031164716.sql 8 1031709232.sql
9 1031709232.sql 9 1031817528.sql
10 1031817528.sql 10 1032765746.sql
11 1032765746.sql 11 1033520952.sql
12 1033520952.sql 12 1034036778.sql
13 1034036778.sql 13 1034619576.sql
14 1034619576.sql 14 1034907910.sql
15 1034907910.sql 15 1035366075.sql
16 1035366075.sql 16 1037042231.sql
17 1037042231.sql 17 1038213294.sql
18 1038213294.sql 18 1045468374.sql
19 1045468374.sql 19 1045475435.sql
20 1045475435.sql 20 1045603387.sql
21 1045603387.sql 21 1045605692.sql
22 1045605692.sql 22 1045618809.sql
23 1045618809.sql 23 1045626347.sql
24 1045626347.sql 24 1045691561.sql
25 1045691561.sql 25 1045699202.sql
26 1045699202.sql 26 1047465289.sql
27 1047465289.sql 27 1047466335.sql
28 1047466335.sql 28 1047886539.sql
29 1047886539.sql 29 1047967554.sql
30 1047967554.sql 30 1048021292.sql
31 1048021292.sql 31 1049270935.sql
32 1049270935.sql 32 1049813903.sql
33 1049813903.sql 33 1054073713.sql
34 1054073713.sql 36 1054782914.sql
37 1054782914.sql 37 1096853196.sql
38 1096853196.sql 38 1099532981.sql
39 1099532981.sql 39 1113801698.sql
40 1113801698.sql 43 1203733325.sql
44 1203733325.sql 44 1217564276.sql
45 1217564276.sql 45 1347272320.sql
Cluster	0	3	2
seqfeature_qualifier	0	3	2
Cluster	0	16	28
bioentry_date	0	3	2
bioentry_description	0	3	2
bioentry_direct_links	0	10	6
bioentry_keywords	0	3	2
bioentry_taxa	0	10	2
remote_seqfeature_name	0	16	4
seqfeature_key	0	3	2
seqfeature_source	0	12	2
taxa	0	10	6
Cluster	0	27	40
ontology_term	3	27	20
seqfeature_location	0	27	20
Cluster	0	32	3
cache_corba_support	0	32	3
Cluster	0	46	29
biodatabase	0	46	4
bioentry_reference	0	46	7
comment	0	46	4
dbxref_qualifier_value	3	46	14
Cluster	0	46	96
bioentry	0	46	12
biosequence	0	46	21
location_qualifier_value	0	46	15
reference	0	46	22
seqfeature	0	46	14
seqfeature_qualifier_value	0	46	12
Cluster	3	46	11
bioentry_qualifier_value	3	46	11
Cluster	3	46	6
dbxref	3	46	6
Cluster	5	46	46
seqfeature_relationship	5	46	22
taxon	10	46	24
Cluster	10	23	8
bioentry_dblink	10	23	8
Cluster	17	46	83
bioentry_dbxref	23	46	3
bioentry_path	24	46	13
bioentry_relationship	17	46	16
location	27	46	8
ontology	21	46	3
seqfeature_dbxref	26	46	3
seqfeature_path	24	46	13
taxon_name	21	46	5
term	27	46	6
term_dbxref	27	46	3
term_path	28	46	10
Cluster	21	27	6
ontology_dbxref	21	27	6
Cluster	21	28	18
ontology_path	21	28	8
ontology_relationship	21	28	10
Cluster	28	46	9
term_relationship	28	46	5
term_relationship_term	38	46	2
term_synonym	29	46	2

Schemas:47
Transitions:46
Tables:45
