Project Name:Coppermine
Dataset txt:filesHandler/datasets/Coppermine.txt
Input Csv:filesHandler/input/coppermine.csv
Output Assessment1:filesHandler/output/coppermine_Assessment1.txt
Output Assessment2:filesHandler/output/coppermine_Assessment2.txt
Transitions File:filesHandler/transitions/coppermineTransitions.xml
23
filesHandler/inis/coppermine.ini
0.5 0.5
csv:filesHandler/input/coppermine.csv
118 lines parsed
1	1063918093	0	0	0	2	0	0	0	0	0
2	1064961833	1043740	0	0	2	0	0	0	0	0
3	1065051572	89739	1	0	0	0	0	0	4	0
4	1066282448	1230876	1	0	1	0	0	0	2	0
5	1075630671	9348223	1	0	0	0	0	0	3	0
6	1078065017	2434346	1	0	0	0	0	0	8	0
7	1078125890	60873	0	0	1	0	0	0	0	0
8	1079907675	1781785	0	0	0	0	0	0	0	0
9	1080709066	801391	1	0	4	0	0	0	3	0
10	1086369394	5660328	0	0	1	1	0	0	0	0
11	1086848415	479021	0	0	0	0	0	1	0	0
12	1087193328	344913	0	0	1	0	0	0	0	0
13	1087400215	206887	0	0	1	0	0	0	0	0
14	1087474114	73899	1	0	0	1	0	0	2	0
15	1087629270	155156	1	0	0	0	0	0	2	0
16	1087640779	11509	0	0	6	4	0	0	0	0
17	1087938735	297956	0	0	0	0	1	0	0	0
18	1088594299	655564	0	0	0	0	0	0	0	0
19	1089090208	495909	0	0	1	0	0	0	0	0
20	1089786814	696606	1	0	0	0	0	0	4	0
21	1091797667	2010853	0	0	1	0	0	0	0	0
22	1092004679	207012	0	0	0	0	0	0	0	0
23	1092005267	588	0	0	0	0	0	0	0	0
24	1092083664	78397	0	0	1	0	0	0	0	0
25	1092371107	287443	0	0	1	0	0	0	0	0
26	1094702316	2331209	1	0	0	0	0	0	2	0
27	1096977771	2275455	2	0	0	0	0	0	16	0
28	1097150148	172377	0	0	0	0	0	0	0	0
29	1097253895	103747	0	0	0	0	0	0	0	0
30	1099322400	2068505	0	0	0	0	0	0	0	0
31	1100284292	961892	0	0	0	0	0	0	0	0
32	1102847057	2562765	0	0	0	0	0	0	0	0
33	1104391042	1543985	0	0	0	0	0	0	0	0
34	1106708446	2317404	0	0	2	0	1	0	0	0
35	1107386981	678535	1	0	0	0	0	0	4	0
36	1111481648	4094667	0	0	0	0	1	0	0	0
37	1116259822	4778174	0	0	0	2	0	0	0	0
38	1116260877	1055	0	0	0	5	0	0	0	0
39	1123428868	7167991	0	0	0	1	0	0	0	0
40	1130202984	6774116	0	0	0	0	0	0	0	0
41	1131625059	1422075	0	0	0	0	0	0	0	0
42	1132945996	1320937	0	0	0	0	0	0	0	0
43	1133162697	216701	0	0	0	0	0	0	0	0
44	1140788221	7625524	0	0	0	0	0	0	0	0
45	1145276246	4488025	0	0	0	0	0	0	0	0
46	1148921348	3645102	0	0	1	0	0	0	0	0
47	1150088994	1167646	0	0	0	0	0	0	0	0
48	1155752591	5663597	0	0	0	0	0	0	0	0
49	1155883947	131356	0	0	0	0	0	0	0	0
50	1160968074	5084127	0	0	0	0	0	0	0	0
51	1160971763	3689	0	0	1	0	0	0	0	0
52	1161386007	414244	0	0	0	0	0	0	0	0
53	1163829844	2443837	0	0	1	0	0	0	0	0
54	1167210379	3380535	0	0	0	0	0	0	0	0
55	1169138893	1928514	0	0	1	0	0	0	0	0
56	1170924235	1785342	1	0	0	0	0	0	4	0
57	1170958245	34010	0	0	0	0	1	0	0	0
58	1174225765	3267520	0	0	0	0	0	0	0	0
59	1180916141	6690376	0	0	0	0	0	0	0	0
60	1184840085	3923944	0	0	0	0	0	0	0	0
61	1185547485	707400	0	0	0	0	0	0	0	0
62	1187593995	2046510	0	0	0	0	0	0	0	0
63	1190287880	2693885	0	0	0	0	1	0	0	0
64	1190288499	619	0	0	0	0	1	0	0	0
65	1197617749	7329250	1	0	1	0	0	0	3	0
66	1198272779	655030	0	0	0	0	0	0	0	0
67	1201347720	3074941	0	0	0	0	0	0	0	0
68	1202687578	1339858	0	0	0	1	0	0	0	0
69	1213560917	10873339	0	0	3	0	0	0	0	0
70	1217574918	4014001	0	0	1	0	0	0	0	0
71	1222968796	5393878	1	0	0	0	0	0	8	0
72	1224325992	1357196	0	0	0	0	0	0	0	0
73	1224832417	506425	0	0	1	0	0	0	0	0
74	1225479992	647575	0	0	0	0	1	0	0	0
75	1226420617	940625	0	0	2	0	0	0	0	0
76	1227527290	1106673	0	0	1	0	0	0	0	0
77	1228984226	1456936	0	0	1	0	0	1	0	0
78	1229031171	46945	0	0	0	0	0	0	0	0
79	1229034071	2900	0	0	0	0	0	2	0	0
80	1229423025	388954	0	0	0	0	0	0	0	0
81	1229807770	384745	0	0	0	0	0	0	0	0
82	1229809003	1233	0	0	0	0	0	0	0	0
83	1231231359	1422356	0	0	0	0	0	0	0	0
84	1231323827	92468	0	0	1	0	0	0	0	0
85	1232055061	731234	0	0	1	1	0	0	0	0
86	1232402633	347572	0	0	0	0	0	0	0	0
87	1238025011	5622378	0	0	0	0	1	0	0	0
88	1238091553	66542	0	1	0	0	0	0	0	3
89	1238256886	165333	0	0	0	4	0	0	0	0
90	1238848254	591368	0	0	0	0	0	0	0	0
91	1244131380	5283126	0	0	0	1	0	0	0	0
92	1248416776	4285396	0	0	0	0	0	0	0	0
93	1249328692	911916	0	0	0	0	0	0	0	0
94	1260521376	11192684	0	0	0	0	0	0	0	0
95	1262428709	1907333	0	0	0	0	0	0	0	0
96	1264866763	2438054	0	0	0	0	0	0	0	0
97	1269329931	4463168	0	0	0	0	0	0	0	0
98	1274877055	5547124	0	0	0	0	0	0	0	0
99	1275250484	373429	0	0	1	0	0	0	0	0
100	1275567273	316789	0	0	0	0	0	0	0	0
101	1275893861	326588	0	0	0	0	0	0	0	0
102	1281088776	5194915	0	0	0	0	0	0	0	0
103	1281437612	348836	0	0	0	0	0	0	0	0
104	1284639946	3202334	0	0	1	0	0	0	0	0
105	1289419460	4779514	0	0	0	0	0	0	0	0
106	1291099064	1679604	0	0	0	0	0	0	0	0
107	1291134332	35268	0	0	0	0	0	0	0	0
108	1293997462	2863130	0	0	0	0	0	0	0	0
109	1294062193	64731	0	0	0	0	0	0	0	0
110	1312196284	18134091	0	0	0	0	0	0	0	0
111	1312274230	77946	0	0	0	0	0	0	0	0
112	1314880987	2606757	0	0	0	0	0	0	0	0
113	1314889720	8733	0	0	0	0	0	0	0	0
114	1326198018	11308298	0	0	0	0	0	0	0	0
115	1326210484	12466	0	0	0	0	0	0	0	0
116	1333031555	6821071	0	0	0	0	0	0	0	0
117	1333036371	4816	0	0	0	0	0	0	0	0





0 1063432205.sql 2 1065051572.sql
3 1065051572.sql 3 1066282448.sql
4 1066282448.sql 4 1075630671.sql
5 1075630671.sql 5 1078065017.sql
6 1078065017.sql 7 1079907675.sql
8 1079907675.sql 8 1080709066.sql
9 1080709066.sql 10 1086848415.sql
11 1086848415.sql 13 1087474114.sql
14 1087474114.sql 14 1087629270.sql
15 1087629270.sql 15 1087640779.sql
16 1087640779.sql 18 1089090208.sql
19 1089090208.sql 24 1092371107.sql
25 1092371107.sql 25 1094702316.sql
26 1094702316.sql 26 1096977771.sql
27 1096977771.sql 32 1104391042.sql
33 1104391042.sql 34 1107386981.sql
35 1107386981.sql 35 1111481648.sql
36 1111481648.sql 36 1116259822.sql
37 1116259822.sql 37 1116260877.sql
38 1116260877.sql 38 1123428868.sql
39 1123428868.sql 42 1133162697.sql
43 1133162697.sql 43 1140788221.sql
44 1140788221.sql 44 1145276246.sql
45 1145276246.sql 46 1150088994.sql
47 1150088994.sql 48 1155883947.sql
49 1155883947.sql 52 1163829844.sql
53 1163829844.sql 54 1169138893.sql
55 1169138893.sql 55 1170924235.sql
56 1170924235.sql 56 1170958245.sql
57 1170958245.sql 57 1174225765.sql
58 1174225765.sql 61 1187593995.sql
62 1187593995.sql 63 1190288499.sql
64 1190288499.sql 64 1197617749.sql
65 1197617749.sql 67 1202687578.sql
68 1202687578.sql 68 1213560917.sql
69 1213560917.sql 69 1217574918.sql
70 1217574918.sql 70 1222968796.sql
71 1222968796.sql 71 1224325992.sql
72 1224325992.sql 76 1228984226.sql
77 1228984226.sql 77 1229031171.sql
78 1229031171.sql 84 1232055061.sql
85 1232055061.sql 85 1232402633.sql
86 1232402633.sql 86 1238025011.sql
87 1238025011.sql 88 1238256886.sql
89 1238256886.sql 89 1238848254.sql
90 1238848254.sql 90 1244131380.sql
91 1244131380.sql 92 1249328692.sql
93 1249328692.sql 95 1264866763.sql
96 1264866763.sql 96 1269329931.sql
97 1269329931.sql 100 1275893861.sql
101 1275893861.sql 102 1281437612.sql
103 1281437612.sql 103 1284639946.sql
104 1284639946.sql 108 1294062193.sql
109 1294062193.sql 112 1314889720.sql
113 1314889720.sql 114 1326210484.sql
115 1326210484.sql 116 1333036371.sql
Cluster	0	117	0
CPG_config	0	117	0
Cluster	0	117	12
CPG_usergroups	0	117	12
Cluster	0	117	0
CPG_votes	0	117	0
Cluster	0	117	36
CPG_albums	0	117	9
CPG_pictures	0	117	9
CPG_users	0	117	18
Cluster	0	117	32
CPG_categories	0	117	8
CPG_comments	0	117	4
CPG_ecards	6	117	8
CPG_exif	4	117	4
CPG_filetypes	5	117	8
Cluster	3	117	7
CPG_banned	3	117	7
Cluster	9	88	6
CPG_temp_data	9	88	6
Cluster	14	117	8
CPG_dict	15	117	2
CPG_favpics	14	117	2
CPG_plugins	20	117	4
Cluster	26	117	2
CPG_bridge	26	117	2
Cluster	27	117	18
CPG_hit_stats	27	117	9
CPG_vote_stats	27	117	9
Cluster	35	117	5
CPG_sessions	35	117	5
Cluster	56	117	5
CPG_temp_messages	56	117	5
Cluster	65	117	4
CPG_categorymap	65	117	4
Cluster	71	117	9
CPG_languages	71	117	9

Schemas:118
Transitions:117
Tables:23
