Project Name:Atlas
Dataset txt:filesHandler/datasets/Atlas.txt
Input Csv:filesHandler/input/atlas.csv
Output Assessment1:filesHandler/output/atlas_Assessment1.txt
Output Assessment2:filesHandler/output/atlas_Assessment2.txt
Transitions File:filesHandler/transitions/atlasTransitions.xml
88
filesHandler/inis/Atlas.ini
0.5 0.5
csv:filesHandler/input/atlas.csv
85 lines parsed
1	1154698901	0	0	0	0	0	0	0	0	0
2	1156863525	2164624	0	1	0	0	0	0	0	6
3	1159353929	2490404	2	0	1	0	0	0	12	0
4	1159354265	336	0	0	0	0	0	0	0	0
5	1159361402	7137	0	0	0	0	3	0	0	0
6	1159373801	12399	0	0	1	1	0	0	0	0
7	1159376519	2718	0	0	0	0	9	0	0	0
8	1160658876	1282357	0	0	0	0	1	0	0	0
9	1161079386	420510	0	0	6	6	0	0	0	0
10	1161808009	728623	0	0	0	0	0	0	0	0
11	1162236613	428604	0	0	3	1	0	0	0	0
12	1162894383	657770	1	0	0	0	0	0	14	0
13	1162912964	18581	0	0	0	0	1	0	0	0
14	1171279747	8366783	0	0	0	0	20	0	0	0
15	1171631858	352111	0	0	0	0	1	0	0	0
16	1173192959	1561101	0	0	0	0	1	0	0	0
17	1173876121	683162	1	0	2	0	2	0	6	0
18	1175097326	1221205	0	0	2	0	0	0	0	0
19	1176293726	1196400	0	0	0	0	56	0	0	0
20	1176466088	172362	0	0	0	0	0	0	0	0
21	1177346675	880587	0	0	0	0	0	0	0	0
22	1177518923	172248	0	8	0	0	1	0	0	42
23	1177593315	74392	0	0	3	3	0	0	0	0
24	1177920727	327412	0	0	0	0	2	0	0	0
25	1177937714	16987	0	0	0	0	2	0	0	0
26	1178484983	547269	0	0	1	1	4	0	0	0
27	1178547935	62952	0	0	0	0	6	0	0	0
28	1179495089	947154	1	0	0	0	0	0	8	0
29	1179928414	433325	0	0	0	2	0	0	0	0
30	1180517190	588776	1	0	1	0	0	0	7	0
31	1180952592	435402	0	0	1	0	0	0	0	0
32	1183451864	2499272	0	0	53	0	0	0	0	0
33	1183463319	11455	2	0	3	52	0	0	9	0
34	1183556774	93455	0	0	3	0	1	1	0	0
35	1184345303	788529	1	0	6	5	4	0	6	0
36	1185469389	1124086	0	0	0	0	0	0	0	0
37	1187709923	2240534	0	0	0	0	0	0	0	0
38	1189409858	1699935	0	1	11	0	0	0	0	6
39	1190396322	986464	0	0	1	0	2	0	0	0
40	1191761809	1365487	2	0	0	4	1	0	18	0
41	1191835135	73326	0	0	0	0	2	0	0	0
42	1192544515	709380	1	0	0	0	0	0	3	0
43	1192548817	4302	0	0	0	0	0	0	0	0
44	1192991429	442612	0	0	0	0	1	0	0	0
45	1193067774	76345	0	0	0	0	1	0	0	0
46	1193161488	93714	0	0	0	0	1	0	0	0
47	1196331142	3169654	0	0	0	0	1	0	0	0
48	1200599808	4268666	0	0	0	0	1	0	0	0
49	1205165684	4565876	0	0	4	5	86	0	0	0
50	1205256257	90573	0	0	1	0	0	0	0	0
51	1207152878	1896621	1	0	7	3	0	0	3	0
52	1207155106	2228	0	0	0	0	0	0	0	0
53	1207645001	489895	3	1	6	7	2	0	18	7
54	1207729000	83999	1	3	7	6	0	0	6	18
55	1207730207	1207	0	0	1	0	1	0	0	0
56	1207732538	2331	0	0	1	1	0	0	0	0
57	1207746551	14013	1	1	1	1	0	0	3	14
58	1207757687	11136	0	0	0	0	1	0	0	0
59	1207821078	63391	0	0	1	0	1	0	0	0
60	1207826418	5340	0	0	0	0	0	0	0	0
61	1207826523	105	0	0	0	0	1	0	0	0
62	1208184865	358342	0	0	1	0	0	0	0	0
63	1208185208	343	0	0	1	1	0	0	0	0
64	1208249112	63904	0	0	0	0	0	0	0	0
65	1211896945	3647833	0	0	0	0	3	0	0	0
66	1211899180	2235	1	0	2	3	1	0	6	0
67	1213201832	1302652	2	0	3	6	8	0	12	0
68	1213801487	599655	0	0	5	0	0	0	0	0
69	1215003241	1201754	1	1	2	0	0	0	24	14
70	1215183813	180572	7	0	0	0	0	0	47	0
71	1215535007	351194	0	0	3	0	1	0	0	0
72	1216817133	1282126	0	0	0	0	0	0	0	0
73	1216821017	3884	1	0	3	0	0	0	6	0
74	1217322351	501334	0	1	0	0	0	0	0	15
75	1217322513	162	1	0	0	0	0	0	15	0
76	1217423928	101415	0	0	0	0	0	0	0	0
77	1217579566	155638	1	0	3	2	1	0	6	0
78	1218039237	459671	0	0	2	6	15	0	0	0
79	1227616073	9576836	0	0	0	0	0	0	0	0
80	1228915686	1299613	1	0	0	0	0	0	1	0
81	1229693887	778201	0	0	1	0	0	0	0	0
82	1232618634	2924747	0	0	0	0	0	0	0	0
83	1237901952	5283318	1	0	0	0	0	0	3	0
84	1238314467	412515	0	0	1	0	0	0	0	0





0 1154358852.sql 0 1154698901.sql
1 1154698901.sql 1 1156863525.sql
2 1156863525.sql 2 1159353929.sql
3 1159353929.sql 3 1159354265.sql
4 1159354265.sql 6 1159376519.sql
7 1159376519.sql 7 1160658876.sql
8 1160658876.sql 8 1161079386.sql
9 1161079386.sql 10 1162236613.sql
11 1162236613.sql 11 1162894383.sql
12 1162894383.sql 12 1162912964.sql
13 1162912964.sql 13 1171279747.sql
14 1171279747.sql 14 1171631858.sql
15 1171631858.sql 15 1173192959.sql
16 1173192959.sql 16 1173876121.sql
17 1173876121.sql 17 1175097326.sql
18 1175097326.sql 18 1176293726.sql
19 1176293726.sql 20 1177346675.sql
21 1177346675.sql 21 1177518923.sql
22 1177518923.sql 26 1178547935.sql
27 1178547935.sql 29 1180517190.sql
30 1180517190.sql 30 1180952592.sql
31 1180952592.sql 31 1183451864.sql
32 1183451864.sql 32 1183463319.sql
33 1183463319.sql 33 1183556774.sql
34 1183556774.sql 34 1184345303.sql
35 1184345303.sql 35 1185469389.sql
36 1185469389.sql 36 1187709923.sql
37 1187709923.sql 37 1189409858.sql
38 1189409858.sql 38 1190396322.sql
39 1190396322.sql 39 1191761809.sql
40 1191761809.sql 40 1191835135.sql
41 1191835135.sql 45 1193161488.sql
46 1193161488.sql 46 1196331142.sql
47 1196331142.sql 47 1200599808.sql
48 1200599808.sql 48 1205165684.sql
49 1205165684.sql 49 1205256257.sql
50 1205256257.sql 50 1207152878.sql
51 1207152878.sql 51 1207155106.sql
52 1207155106.sql 53 1207729000.sql
54 1207729000.sql 55 1207732538.sql
56 1207732538.sql 56 1207746551.sql
57 1207746551.sql 63 1208249112.sql
64 1208249112.sql 65 1211899180.sql
66 1211899180.sql 66 1213201832.sql
67 1213201832.sql 67 1213801487.sql
68 1213801487.sql 69 1215183813.sql
70 1215183813.sql 70 1215535007.sql
71 1215535007.sql 72 1216821017.sql
73 1216821017.sql 74 1217322513.sql
75 1217322513.sql 75 1217423928.sql
76 1217423928.sql 76 1217579566.sql
77 1217579566.sql 77 1218039237.sql
78 1218039237.sql 78 1227616073.sql
79 1227616073.sql 80 1229693887.sql
81 1229693887.sql 81 1232618634.sql
82 1232618634.sql 83 1238314467.sql
Cluster	0	22	3
hlt_so_to_py	0	22	3
Cluster	0	38	60
hlt_dl_to_en	0	22	3
hlt_dll	0	22	8
hlt_environment	0	22	9
hlt_force_dll	0	38	9
hlt_property	0	22	8
hlt_re_to_dl	0	22	7
hlt_so_to_dl	0	22	3
hlt_source	0	22	7
hlt_tc_to_st	0	2	6
Cluster	0	84	10
hlt_tm_to_tc	0	84	5
l1_tm_to_ti	0	84	5
Cluster	0	84	544
hlt_component	0	84	16
hlt_cp_to_pa	0	84	4
hlt_master_table	0	84	11
hlt_parameter	0	84	11
hlt_prescale	0	84	9
hlt_prescale_set	0	84	9
hlt_release	0	84	10
hlt_setup	0	84	6
hlt_st_to_cp	0	84	4
hlt_tc_to_tr	3	53	27
hlt_tc_to_ts	0	84	4
hlt_te_to_cp	0	84	13
hlt_te_to_te	0	84	13
hlt_trigger_chain	0	84	16
hlt_trigger_element	0	84	7
hlt_trigger_group	35	84	8
hlt_trigger_menu	0	84	9
hlt_trigger_signature	0	84	4
hlt_trigger_stream	3	84	38
hlt_trigger_type	17	84	34
hlt_ts_to_te	0	84	4
l1_bg_to_b	0	84	4
l1_bgs_to_bg	0	84	4
l1_bunch_group	0	84	7
l1_bunch_group_set	0	84	7
l1_calo_info	0	84	9
l1_calo_sin_cos	0	84	6
l1_ci_to_csc	0	84	4
l1_ctp_files	0	84	14
l1_ctp_smx	0	84	12
l1_dead_time	0	84	6
l1_jet_input	0	84	6
l1_master_table	0	74	40
l1_muctpi_info	0	84	6
l1_pits	40	84	8
l1_prescale_set	0	84	15
l1_prescaled_clock	0	84	6
l1_random	0	84	12
l1_ti_to_tt	0	84	4
l1_tm_to_tt	0	84	13
l1_tm_to_tt_forced	0	84	4
l1_trigger_item	0	84	9
l1_trigger_menu	0	84	9
l1_trigger_threshold	0	84	8
l1_trigger_threshold_value	0	84	20
l1_trigger_type	0	57	20
l1_tt_to_ttv	0	84	4
super_master_table	0	84	10
trigger_alias	28	84	16
trigger_next_run	0	84	4
Cluster	12	69	34
l1_muon_threshold_sets	12	69	34
Cluster	30	84	12
l1_prescale_set_alias	30	84	12
Cluster	33	84	35
hlt_prescale_set_alias	33	84	10
l1_random_rates	33	84	5
l1_tm_to_tt_mon	40	84	15
trigger_schema	42	84	5
Cluster	51	84	8
trigger_log	51	84	8
Cluster	53	54	10
hlt_trigger_streamtag	53	54	10
Cluster	53	54	26
hlt_tc_to_tt	53	54	12
hlt_tt_to_tr	53	54	14
Cluster	57	84	3
tt_users	57	84	3
Cluster	66	84	121
HLT_HRC_TO_HRP	70	84	6
HLT_HRE_TO_HRS	73	84	6
HLT_HRS_TO_HRU	70	84	7
HLT_HRU_TO_HRC	70	84	7
HLT_RULE	70	84	7
HLT_RULE_COMPONENT	70	84	10
HLT_RULE_PARAMETER	70	84	7
HLT_RULE_SET	70	84	6
HLT_SMT_TO_HRE	77	84	6
hlt_cp_to_cp	66	84	10
hlt_tm_to_ps	67	84	6
l1_muon_threshold_set	69	84	37
l1_tm_to_ps	67	84	6
Cluster	80	84	1
DBCOPY_SOURCE_DATABASE	80	84	1
Cluster	83	84	4
hlt_prescale_set_coll	83	84	4

Schemas:85
Transitions:84
Tables:88
