Project Name:phpBB
Dataset txt:filesHandler/datasets/phpBB.txt
Input Csv:filesHandler/input/phpBB.csv
Output Assessment1:filesHandler/output/phpBB_Assessment1.txt
Output Assessment2:filesHandler/output/phpBB_Assessment2.txt
Transitions File:filesHandler/transitions/phpBBTransitions.xml
70
filesHandler/inis/phpBB.ini
0.5 0.5
csv:filesHandler/input/phpBB.csv
134 lines parsed
1	1158530548	0	0	0	0	2	0	0	0	0
2	1159015188	484640	0	0	2	0	0	0	0	0
3	1159692512	677324	0	0	0	0	28	0	0	0
4	1159900559	208047	0	0	0	1	0	0	0	0
5	1160444819	544260	0	0	0	0	0	0	0	0
6	1160596587	151768	0	0	0	0	0	0	0	0
7	1160777418	180831	0	0	1	0	0	0	0	0
8	1163166592	2389174	0	0	0	0	0	0	0	0
9	1164380366	1213774	0	0	1	0	1	0	0	0
10	1164484856	104490	0	0	1	0	0	0	0	0
11	1165167419	682563	0	0	1	0	0	0	0	0
12	1165772685	605266	0	0	1	0	0	0	0	0
13	1166896248	1123563	0	0	0	0	0	2	0	0
14	1167177999	281751	0	0	0	0	0	0	0	0
15	1168351844	1173845	0	0	0	0	3	0	0	0
16	1169059309	707465	0	0	0	0	2	0	0	0
17	1169114439	55130	0	0	0	0	2	0	0	0
18	1172174285	3059846	0	0	0	0	1	0	0	0
19	1172437394	263109	0	0	0	0	0	0	0	0
20	1173024317	586923	0	0	0	0	0	0	0	0
21	1173823255	798938	0	0	1	0	0	0	0	0
22	1174098728	275473	0	0	1	0	0	0	0	0
23	1174219551	120823	0	0	0	0	1	0	0	0
24	1176054036	1834485	1	0	0	94	0	0	7	0
25	1176095400	41364	0	0	0	0	0	0	0	0
26	1177880206	1784806	0	0	0	0	0	0	0	0
27	1178340823	460617	0	0	0	0	0	0	0	0
28	1178543999	203176	0	0	0	1	0	2	0	0
29	1179963424	1419425	0	0	0	0	0	0	0	0
30	1180095724	132300	0	0	1	0	0	0	0	0
31	1180119664	23940	0	0	1	1	0	0	0	0
32	1183439579	3319915	0	0	0	0	2	0	0	0
33	1184261208	821629	0	0	0	0	11	0	0	0
34	1185623222	1362014	0	0	0	0	3	0	0	0
35	1185913659	290437	0	0	0	0	0	0	0	0
36	1191423954	5510295	0	0	1	0	0	0	0	0
37	1191472959	49005	0	0	0	0	1	0	0	0
38	1191669642	196683	0	0	0	0	2	0	0	0
39	1192363952	694310	0	0	0	0	3	0	0	0
40	1192376804	12852	0	0	0	0	1	0	0	0
41	1196867901	4491097	0	0	0	0	2	0	0	0
42	1202079310	5211409	0	0	1	0	0	0	0	0
43	1206189077	4109767	0	0	1	0	0	0	0	0
44	1214064253	7875176	0	0	0	0	6	0	0	0
45	1217334967	3270714	0	0	2	0	0	0	0	0
46	1217427783	92816	0	0	0	0	0	0	0	0
47	1222175013	4747230	0	0	1	0	0	0	0	0
48	1227729515	5554502	0	0	1	0	0	0	0	0
49	1227793464	63949	0	0	0	0	12	0	0	0
50	1237555339	9761875	0	0	0	0	0	0	0	0
51	1244464586	6909247	0	0	0	0	0	0	0	0
52	1245405110	940524	0	0	1	0	0	0	0	0
53	1245744594	339484	0	0	2	0	0	0	0	0
54	1246091800	347206	0	0	0	0	0	0	0	0
55	1248209951	2118151	0	0	2	0	0	0	0	0
56	1249314416	1104465	0	0	3	0	0	0	0	0
57	1249486126	171710	0	0	0	0	0	0	0	0
58	1250089247	603121	0	0	1	0	0	0	0	0
59	1252079050	1989803	0	0	0	0	0	0	0	0
60	1252085233	6183	0	0	0	0	0	0	0	0
61	1254680099	2594866	0	0	0	0	0	0	0	0
62	1264444924	9764825	0	0	0	0	0	0	0	0
63	1264720525	275601	0	0	0	0	0	0	0	0
64	1267655529	2935004	0	0	0	0	0	0	0	0
65	1278541391	10885862	2	3	2	6	3	0	10	16
66	1287500783	8959392	3	2	6	0	1	0	16	10
67	1294765945	7265162	0	0	0	2	1	0	0	0
68	1297281817	2515872	0	0	1	0	2	0	0	0
69	1298516622	1234805	0	0	0	1	2	0	0	0
70	1299016620	499998	0	0	1	0	1	0	0	0
71	1307589206	8572586	2	3	1	5	0	0	9	16
72	1307700179	110973	3	1	6	2	1	0	16	2
73	1307814124	113945	0	0	2	0	1	0	0	0
74	1307922738	108614	0	0	0	2	1	0	0	0
75	1307924435	1697	0	0	2	0	1	0	0	0
76	1309673740	1749305	0	0	0	3	1	0	0	0
77	1309820842	147102	0	0	2	0	1	0	0	0
78	1310745473	924631	2	5	8	4	1	0	9	31
79	1313910416	3164943	2	1	3	9	1	0	11	6
80	1314652660	742244	0	0	1	0	0	0	0	0
81	1315065330	412670	1	1	4	0	0	0	5	3
82	1316545707	1480377	0	1	0	4	0	0	0	5
83	1318556462	2010755	3	0	5	2	1	0	16	0
84	1318559368	2906	0	0	0	0	0	0	0	0
85	1318559960	592	0	3	2	5	1	0	0	16
86	1321640046	3080086	1	0	0	0	0	0	3	0
87	1328302464	6662418	0	0	1	0	0	0	0	0
88	1329343412	1040948	0	0	1	1	0	0	0	0
89	1331759898	2416486	0	2	4	3	0	0	0	11
90	1332619774	859876	0	0	2	0	0	0	0	0
91	1333049887	430113	0	0	0	1	0	0	0	0
92	1333578516	528629	0	0	0	0	0	0	0	0
93	1333894266	315750	0	0	0	0	2	0	0	0
94	1335433057	1538791	0	0	2	0	2	0	0	0
95	1338826175	3393118	0	0	0	3	1	0	0	0
96	1342543690	3717515	5	1	5	7	2	0	31	3
97	1342823868	280178	1	5	7	5	4	0	3	31
98	1343051454	227586	0	0	1	0	2	0	0	0
99	1349401699	6350245	2	0	0	0	0	0	12	0
100	1350188670	786971	0	0	1	0	0	0	0	0
101	1350784458	595788	0	0	1	1	3	0	0	0
102	1351552160	767702	0	0	1	0	0	0	0	0
103	1352237013	684853	0	2	2	0	0	0	0	14
104	1352566724	329711	2	0	0	0	0	0	14	0
105	1352728648	161924	0	2	0	0	2	0	0	14
106	1352802565	73917	1	0	0	0	2	0	5	0
107	1352820242	17677	0	0	0	1	0	0	0	0
108	1354282578	1462336	0	1	1	0	2	0	0	5
109	1354484838	202260	0	0	3	0	2	0	0	0
110	1354997545	512707	2	0	0	3	0	0	14	0
111	1355620706	623161	1	0	0	1	0	0	2	0
112	1355626948	6242	0	0	1	1	0	0	0	0
113	1355627306	358	0	0	1	1	0	0	0	0
114	1355627825	519	0	0	1	1	0	0	0	0
115	1357704554	2076729	1	3	0	0	0	0	6	15
116	1357852191	147637	0	0	1	0	0	0	0	0
117	1357861263	9072	0	1	0	1	0	0	0	7
118	1357910825	49562	0	0	1	0	0	0	0	0
119	1358271099	360274	3	0	3	0	0	0	15	0
120	1358297651	26552	0	3	0	1	0	0	0	15
121	1359648882	1351231	3	0	1	0	0	0	15	0
122	1359937804	288922	0	3	0	0	0	0	0	15
123	1360171513	233709	1	0	0	0	0	0	7	0
124	1360192079	20566	0	0	0	0	2	0	0	0
125	1360640235	448156	3	0	0	0	2	0	15	0
126	1361822614	1182379	1	3	0	1	0	0	5	15
127	1362352935	530321	3	1	1	0	2	0	15	5
128	1362425153	72218	1	0	0	1	2	0	5	0
129	1362425622	469	0	0	0	0	2	0	0	0
130	1362446529	20907	1	0	0	0	0	0	2	0
131	1362519581	73052	0	0	0	0	1	0	0	0
132	1367207585	4688004	0	0	4	3	1	1	0	0
133	1367288527	80942	0	0	1	1	0	0	0	0





0 1158386826.sql 1 1159015188.sql
2 1159015188.sql 2 1159692512.sql
3 1159692512.sql 6 1160777418.sql
7 1160777418.sql 7 1163166592.sql
8 1163166592.sql 16 1169114439.sql
17 1169114439.sql 22 1174219551.sql
23 1174219551.sql 23 1176054036.sql
24 1176054036.sql 24 1176095400.sql
25 1176095400.sql 30 1180119664.sql
31 1180119664.sql 31 1183439579.sql
32 1183439579.sql 32 1184261208.sql
33 1184261208.sql 34 1185913659.sql
35 1185913659.sql 39 1192376804.sql
40 1192376804.sql 40 1196867901.sql
41 1196867901.sql 41 1202079310.sql
42 1202079310.sql 42 1206189077.sql
43 1206189077.sql 43 1214064253.sql
44 1214064253.sql 45 1217427783.sql
46 1217427783.sql 46 1222175013.sql
47 1222175013.sql 48 1227793464.sql
49 1227793464.sql 49 1237555339.sql
50 1237555339.sql 53 1246091800.sql
54 1246091800.sql 57 1250089247.sql
58 1250089247.sql 60 1254680099.sql
61 1254680099.sql 62 1264720525.sql
63 1264720525.sql 63 1267655529.sql
64 1267655529.sql 64 1278541391.sql
65 1278541391.sql 65 1287500783.sql
66 1287500783.sql 66 1294765945.sql
67 1294765945.sql 69 1299016620.sql
70 1299016620.sql 71 1307700179.sql
72 1307700179.sql 76 1309820842.sql
77 1309820842.sql 77 1310745473.sql
78 1310745473.sql 78 1313910416.sql
79 1313910416.sql 79 1314652660.sql
80 1314652660.sql 81 1316545707.sql
82 1316545707.sql 82 1318556462.sql
83 1318556462.sql 83 1318559368.sql
84 1318559368.sql 84 1318559960.sql
85 1318559960.sql 85 1321640046.sql
86 1321640046.sql 87 1329343412.sql
88 1329343412.sql 88 1331759898.sql
89 1331759898.sql 93 1335433057.sql
94 1335433057.sql 94 1338826175.sql
95 1338826175.sql 96 1342823868.sql
97 1342823868.sql 97 1343051454.sql
98 1343051454.sql 104 1352728648.sql
105 1352728648.sql 106 1352820242.sql
107 1352820242.sql 109 1354997545.sql
110 1354997545.sql 113 1355627825.sql
114 1355627825.sql 117 1357910825.sql
118 1357910825.sql 121 1359937804.sql
122 1359937804.sql 124 1360640235.sql
125 1360640235.sql 126 1362352935.sql
127 1362352935.sql 130 1362519581.sql
131 1362519581.sql 132 1367288527.sql
Cluster	0	133	0
phpbb_search_results	0	133	0
Cluster	0	133	0
phpbb_search_wordmatch	0	133	0
Cluster	0	133	0
phpbb_sessions_keys	0	133	0
Cluster	0	133	0
phpbb_sitelist	0	133	0
Cluster	0	133	0
phpbb_smilies	0	133	0
Cluster	0	133	0
phpbb_topics_posted	0	133	0
Cluster	0	133	0
phpbb_topics_track	0	133	0
Cluster	0	133	0
phpbb_topics_watch	0	133	0
Cluster	0	133	0
phpbb_user_group	0	133	0
Cluster	0	133	0
phpbb_warnings	0	133	0
Cluster	0	133	0
phpbb_words	0	133	0
Cluster	0	133	643
phpbb_acl_groups	0	133	0
phpbb_acl_options	0	133	0
phpbb_acl_roles	0	133	0
phpbb_acl_roles_data	0	133	0
phpbb_acl_users	0	133	0
phpbb_attachments	0	133	0
phpbb_banlist	0	133	2
phpbb_bbcodes	0	133	3
phpbb_bookmarks	0	133	3
phpbb_bots	0	133	1
phpbb_config	0	133	1
phpbb_config_text	130	133	3
phpbb_confirm	0	133	2
phpbb_disallow	0	133	1
phpbb_drafts	0	133	2
phpbb_extension_groups	0	133	0
phpbb_extensions	0	133	0
phpbb_forums	0	133	18
phpbb_forums_access	0	133	0
phpbb_forums_track	0	133	0
phpbb_forums_watch	0	133	0
phpbb_groups	0	133	57
phpbb_icons	0	133	0
phpbb_lang	0	133	0
phpbb_log	0	133	0
phpbb_moderator_cache	0	133	1
phpbb_modules	0	133	0
phpbb_poll_options	0	133	0
phpbb_poll_votes	0	133	0
phpbb_posts	0	133	8
phpbb_privmsgs	0	133	7
phpbb_privmsgs_folder	0	133	0
phpbb_privmsgs_rules	0	133	2
phpbb_privmsgs_to	0	133	2
phpbb_profile_fields	0	133	20
phpbb_profile_fields_data	0	133	0
phpbb_profile_fields_lang	0	133	0
phpbb_profile_lang	0	133	0
phpbb_ranks	0	133	0
phpbb_reports	0	133	29
phpbb_reports_reasons	0	133	0
phpbb_search_wordlist	0	133	1
phpbb_sessions	0	133	2
phpbb_styles	0	133	48
phpbb_styles_imageset	0	65	133
phpbb_styles_imageset_data	24	65	73
phpbb_styles_template	0	78	52
phpbb_styles_template_data	0	65	57
phpbb_styles_theme	0	78	56
phpbb_topics	0	133	8
phpbb_users	0	133	49
phpbb_zebra	0	133	2
Cluster	65	79	83
phpbb_ext	65	66	27
phpbb_login_attempts	65	66	23
phpbb_migrations	78	79	33
Cluster	99	115	240
phpbb_notification_types	111	115	22
phpbb_notifications	99	103	122
phpbb_teampage	106	108	25
phpbb_user_notifications	99	103	71

Schemas:134
Transitions:133
Tables:70
